1023
1018
1017
1017
1018
1018
1018
1018
1018
1018
1018
1018
1018
1018
1018
1018
1018
1018
1018
1018
1018
1018
1018
1018
1018
1018
1018
1017
1018
1017
1017
1017
1018
1018
1018
1018
1018
1017
1018
1016
1018
1018
1017
1018
1018
1017
1018
1018
1017
1018
1017
1018
1017
1018
1018
1017
1018
1018
1017
1018
1018
1017
1017
1018
1017
1018
1018
1017
1017
1018
1017
1018
1018
1017
1018
1018
1017
1018
1018
1017
1018
1018
1018
1018
1018
1018
1017
1018
1018
1018
1018
1018
1018
1018
1018
1018
1018
1017
1018
1018
1018
1018
1018
1018
1018
1018
1018
1017
1018
1018
1018
1018
1019
1017
1018
1019
1018
1018
1018
1017
1018
1018
1018
1018
1019
1018
1018
1018
1018
1018
1018
1018
1018
1017
1017
1017
1017
1017
1016
1016
1015
1015
1014
1013
1012
1012
1010
1008
1007
1008
1012
1015
1016
1015
997
1007
1010
1013
1014
1014
1015
1015
1015
1016
1016
1017
1016
1017
1017
1017
1017
1018
1017
1017
1018
1017
1017
1018
1017
1017
1018
1017
1018
1018
1017
1018
1017
1017
1018
1017
1017
1017
1017
1017
1017
1017
1017
1017
1017
1017
1017
1017
1017
1017
1017
1017
1017
1017
1017
1017
1017
1017
1016
1017
1017
1017
1017
1016
1016
1017
1017
1017
1017
1017
1016
1017
1017
1016
1016
1016
1016
1017
1017
1016
1017
1016
1016
1017
1016
1017
1016
1017
1017
1016
1017
1017
1016
1017
1017
1017
1017
1017
1017
1017
1017
1017
1017
1017
1017
1017
1017
1017
1017
1018
1017
1018
1017
1017
1017
1018
1017
1017
1017
1017
1017
1017
1016
1018
1018
1017
1017
1017
1018
1017
1017
1018
1017
1017
1018
1017
1017
1018
1017
1018
1018
1017
1017
1018
1017
1017
1018
1017
1018
1018
1017
1018
1018
1017
1017
1018
1017
1017
1017
1016
1017
1016
1016
1016
1016
1015
1015
1014
1014
1013
1013
1012
1011
1010
1010
1006
994
1015
1011
988
1008
1010
1012
1013
1013
1014
1014
1015
1015
1015
1015
1016
1017
1016
1017
1017
1017
1017
1018
1017
1018
1018
1018
1018
1018
1018
