351
351
347
334
313
316
327
331
337
340
342
348
354
358
369
375
379
384
390
395
405
405
396
394
399
396
398
402
388
363
353
346
328
324
318
306
296
293
288
288
293
286
272
271
270
267
262
259
261
262
258
250
240
234
229
223
216
208
202
196
190
185
178
175
171
164
156
150
143
139
139
137
132
126
118
111
108
107
105
105
103
96
87
80
73
65
58
53
47
42
38
35
30
26
22
19
17
16
14
11
9
8
6
6
5
4
3
2
2
2
2
2
2
3
4
5
7
7
9
11
13
16
18
21
25
28
31
34
38
41
45
50
54
59
64
69
75
81
87
93
99
104
110
118
130
141
152
162
170
174
179
187
196
207
215
223
233
237
243
250
256
254
245
241
243
242
247
255
267
284
304
312
322
331
345
355
371
388
403
409
407
393
374
362
353
348
352
350
350
348
348
344
347
358
368
370
366
359
346
341
343
341
337
337
338
342
351
351
354
350
350
353
354
348
341
335
330
322
318
311
309
314
319
320
315
304
301
301
288
271
263
260
257
251
243
234
234
234
233
230
223
212
204
197
188
175
168
161
155
151
147
144
141
137
133
132
134
130
124
118
111
102
92
83
72
64
59
57
54
50
45
39
36
31
27
23
20
17
14
11
9
8
6
5
4
3
2
2
2
2
2
2
3
3
4
6
7
8
10
12
15
18
21
23
28
32
37
40
44
48
53
58
62
66
70
76
82
88
94
96
99
104
110
115
121
125
132
142
152
164
179
193
216
237
254
267
281
295
307
315
320
319
312
305
301
294
293
296
300
309
320
331
343
351
354
356
365
381
394
388
