500 393 371
497 393 370
497 393 370
497 394 370
496 393 371
494 392 370
494 392 369
495 392 369
494 393 370
494 393 370
492 392 370
492 391 369
493 392 369
493 393 369
491 392 370
490 391 369
490 391 368
491 391 368
491 392 369
489 391 369
489 390 368
488 390 368
489 391 368
489 391 369
487 391 369
486 390 368
487 389 367
487 390 367
487 390 368
485 390 368
485 389 368
485 389 367
485 389 367
485 390 368
484 390 368
483 389 367
483 388 366
484 389 366
483 389 367
482 389 367
481 388 367
481 388 366
482 388 366
481 389 367
480 388 367
479 387 366
479 387 365
480 388 366
480 388 366
479 388 366
478 387 365
478 386 365
479 387 365
478 388 366
477 387 366
476 386 365
476 386 364
477 387 365
476 387 365
475 387 365
474 385 364
475 385 364
475 386 364
475 386 365
473 386 365
473 385 364
473 385 363
474 385 364
473 386 364
472 385 364
471 384 363
472 384 362
472 385 363
471 385 364
470 385 364
469 384 363
470 384 362
470 385 363
470 385 364
469 384 363
468 383 363
469 383 362
469 384 362
468 384 363
467 383 363
466 383 362
467 383 361
467 383 362
467 384 363
465 383 363
465 382 362
465 382 361
466 383 362
465 383 362
464 382 362
463 381 361
464 381 361
464 382 361
463 382 362
462 381 362
462 381 361
462 381 360
463 382 361
462 382 362
461 381 361
460 380 360
461 380 360
461 381 360
460 381 361
459 380 361
459 379 360
460 380 359
460 380 360
459 380 361
458 380 360
458 379 359
458 379 359
459 380 360
458 380 360
457 379 360
456 378 359
457 379 359
457 379 359
456 380 360
455 378 359
455 378 358
455 378 358
456 379 359
455 379 359
454 378 359
454 377 358
454 378 358
454 378 358
453 378 359
452 377 359
452 377 358
453 377 357
453 378 358
452 378 359
451 377 358
451 376 357
451 376 357
452 377 358
451 377 358
450 376 358
450 376 357
450 376 357
450 377 357
449 377 358
448 376 357
448 375 356
449 375 356
449 376 357
448 376 358
447 375 357
447 374 356
448 375 356
447 376 357
447 376 357
446 375 356
446 374 356
446 374 356
446 375 356
445 375 357
444 374 356
444 373 355
445 374 355
445 375 356
444 374 356
443 373 356
443 373 355
444 373 355
444 374 356
443 374 356
442 373 355
442 372 354
443 373 354
443 374 355
441 373 356
441 372 355
441 372 354
441 373 354
441 373 355
440 373 355
439 372 354
439 371 354
440 372 354
440 373 355
439 372 355
438 371 354
438 371 353
439 372 354
439 372 354
438 372 355
437 371 354
437 370 353
438 371 353
438 372 354
437 371 354
436 370 353
436 370 353
437 371 353
437 371 354
435 371 354
435 370 353
435 369 352
436 370 353
435 371 353
434 370 354
434 369 353
434 369 352
434 370 352
434 370 353
433 370 353
432 369 352
433 368 352
433 369 352
433 370 353
432 369 353
431 368 352
432 368 351
432 369 352
432 369 353
431 369 353
430 368 352
431 368 351
431 368 351
431 369 352
430 368 352
429 367 351
430 367 351
430 368 351
430 369 352
429 368 352
428 367 351
428 367 351
429 368 351
429 368 352
427 368 352
427 366 351
428 366 350
428 367 351
428 368 352
426 367 352
426 366 351
427 366 350
427 367 351
427 367 351
425 367 351
425 366 350
426 366 350
426 366 350
425 367 351
424 366 351
424 365 350
424 365 349
425 366 350
424 366 351
423 366 351
423 365 350
423 365 349
424 366 350
423 366 351
422 365 350
422 364 349
422 364 349
423 365 350
422 365 350
421 365 350
421 364 349
421 364 349
422 365 349
421 365 350
420 364 350
420 364 349
420 364 349
421 365 349
420 365 350
419 364 349
419 363 348
419 363 348
420 364 349
419 364 350
418 363 349
418 363 348
419 363 348
419 364 348
418 364 349
417 363 349
417 362 348
418 363 348
418 363 348
417 363 349
416 363 348
416 362 347
417 362 347
417 363 348
416 363 349
415 362 348
415 361 347
416 362 347
416 363 348
415 363 348
414 362 348
414 361 347
415 362 347
415 362 348
414 362 348
413 361 348
413 361 347
414 361 347
414 362 348
413 362 348
412 361 348
412 360 347
413 361 347
413 362 347
412 362 348
411 361 347
411 360 346
412 360 346
412 361 347
411 361 348
410 360 347
410 360 346
411 360 346
411 361 347
410 361 347
409 360 347
409 359 346
410 360 346
410 361 347
409 361 347
408 360 346
409 359 345
409 360 346
409 361 346
408 360 347
407 359 346
407 359 345
408 359 345
408 360 346
407 360 346
406 359 346
407 358 345
407 359 345
407 360 346
406 360 346
406 359 345
406 358 345
407 359 345
407 360 346
406 359 346
405 358 345
405 358 344
406 359 344
406 359 345
405 359 346
404 358 345
404 358 344
