1019
1018
1018
1018
1018
1018
1017
1018
1017
1017
1018
1017
1018
1018
1018
1017
1018
1018
1017
1018
1018
1018
1017
1018
1017
1018
1018
1018
1018
1018
1018
1018
1018
1018
1018
1018
1017
1018
1018
1018
1017
1018
1017
1018
1018
1018
1017
1018
1018
1017
1018
1018
1017
1018
1017
1017
1018
1017
1017
1018
1018
1018
1017
1018
1018
1017
1018
1018
1018
1018
1018
1018
1018
1018
1017
1018
1018
1018
1018
1018
1018
1018
1018
1018
1018
1018
1017
1018
1018
1015
1016
1015
1018
1018
1018
1017
1018
1018
1018
1018
1018
1018
1018
1018
1018
1018
1018
1018
1019
1019
1018
1018
1019
1018
1018
1018
1018
1018
1018
1018
1018
1018
1018
1017
1018
1017
1017
1017
1016
1016
1016
1015
1014
1013
1013
1011
1010
1009
1006
1007
1011
1014
1016
1011
999
1010
1012
1013
1014
1015
1015
1015
1015
1016
1016
1017
1017
1017
1017
1017
1017
1017
1018
1017
1018
1018
1017
1018
1018
1017
1018
1018
1017
1018
1017
1017
1018
1018
1018
1017
1017
1017
1017
1018
1017
1017
1017
1018
1017
1017
1017
1017
1017
1017
1016
1017
1017
1017
1016
1017
1017
1017
1017
1016
1017
1017
1016
1017
1017
1016
1017
1017
1016
1017
1017
1016
1017
1017
1016
1017
1017
1017
1017
1017
1017
1017
1017
1017
1017
1017
1017
1017
1017
1017
1016
1017
1017
1017
1017
1017
1017
1017
1017
1016
1017
1017
1016
1017
1017
1017
1017
1017
1017
1017
1017
1017
1018
1018
1017
1017
1018
1017
1017
1017
1018
1017
1017
1017
1017
1017
1018
1017
1018
1017
1017
1017
1018
1018
1018
1018
1018
1018
1018
1017
1018
1018
1017
1017
1018
1017
1017
1018
1017
1017
1018
1018
1018
1018
1017
1017
1018
1017
1017
1016
1017
1016
1017
1016
1015
1016
1016
1015
1014
1014
1012
1011
1011
1009
1007
1002
996
1011
1016
1005
999
1009
1010
1012
1013
1013
1014
1015
1015
1015
1016
1016
1016
1017
1017
1016
1018
1017
1017
1017
1017
1017
1018
1018
1017
1018
1018
1017
1018
1018
1017
1018
1018
1018
1018
1018
