1018 1018 1018 1018 1018 1018 1018 1018 1017 1018 1018 1018 1018 1018 1018 1018 1018 1018 1018 1018
1019 1018 1018 1018 1018 1018 1019 1018 1018 1019 1018 1018 1018 1018 1019 1018 1018 1018 1018 1019
1018 1017 1018 1019 1019 1017 1017 1018 1018 1017 1017 1017 1018 1018 1017 1018 1018 1017 1018 1019
1017 1018 1018 1018 1017 1017 1018 1018 1018 1017 1018 1018 1017 1018 1017 1018 1017 1018 1018 1018
1018 1018 1017 1017 1018 1018 1018 1017 1017 1018 1018 1017 1018 1018 1018 1017 1018 1018 1017 1018
1017 1017 1018 1017 1017 1017 1017 1017 1017 1017 1017 1017 1017 1017 1017 1018 1018 1017 1018 1018
1018 1018 1018 1018 1017 1017 1018 1018 1017 1017 1018 1018 1018 1017 1018 1018 1017 1017 1018 1017
1018 1018 1017 1017 1018 1018 1018 1017 1018 1018 1018 1017 1018 1017 1018 1017 1018 1017 1017 1017
1018 1018 1017 1017 1017 1017 1017 1017 1017 1018 1017 1017 1017 1018 1018 1017 1017 1017 1017 1018
1017 1017 1018 1018 1017 1017 1018 1018 1018 1017 1018 1018 1018 1017 1018 1018 1017 1018 1017 1017
1018 1018 1017 1018 1018 1018 1018 1017 1018 1018 1018 1017 1018 1018 1018 1017 1018 1018 1017 1017
1018 1018 1017 1018 1018 1018 1017 1018 1018 1017 1017 1018 1018 1018 1018 1017 1018 1017 1017 1018
1017 1017 1018 1018 1018 1017 1018 1018 1018 1017 1018 1018 1018 1017 1017 1018 1017 1018 1018 1017
1018 1018 1017 1018 1017 1018 1018 1017 1018 1017 1018 1017 1017 1018 1018 1017 1018 1018 1018 1017
1018 1018 1018 1018 1018 1018 1017 1018 1018 1018 1017 1018 1018 1018 1018 1017 1017 1017 1017 1017
1017 1017 1018 1017 1017 1017 1017 1018 1017 1017 1017 1017 1018 1017 1017 1018 1017 1017 1017 1017
1017 1018 1018 1017 1017 1018 1018 1017 1017 1018 1017 1017 1017 1017 1018 1017 1017 1018 1018 1017
1017 1018 1018 1018 1018 1018 1018 1017 1018 1018 1017 1018 1018 1018 1017 1017 1018 1018 1017 1017
1018 1017 1018 1018 1018 1017 1018 1018 1018 1017 1018 1018 1017 1017 1017 1017 1017 1017 1017 1018
1018 1018 1018 1017 1018 1018 1017 1017 1017 1018 1017 1017 1017 1018 1018 1018 1018 1018 1018 1017
1018 1018 1018 1017 1018 1018 1018 1018 1018 1018 1018 1017 1018 1018 1017 1017 1017 1017 1017 1017
1017 1017 1018 1017 1018 1017 1018 1018 1018 1017 1018 1017 1017 1018 1017 1017 1017 1017 1018 1017
1017 1017 1018 1018 1017 1017 1017 1017 1018 1017 1017 1017 1017 1017 1017 1017 1017 1017 1017 1017
1018 1017 1017 1017 1018 1018 1018 1017 1018 1018 1017 1017 1018 1018 1018 1018 1017 1018 1017 1017
1017 1017 1018 1018 1018 1017 1017 1018 1018 1017 1018 1018 1017 1018 1017 1018 1017 1018 1018 1018
1017 1018 1018 1017 1017 1018 1018 1018 1017 1017 1018 1018 1017 1018 1018 1017 1018 1018 1017 1017
1018 1018 1017 1018 1018 1018 1018 1018 1018 1017 1017 1018 1018 1018 1018 1017 1018 1018 1017 1017
1018 1018 1018 1018 1018 1017 1017 1018 1017 1017 1018 1018 1018 1018 1017 1017 1018 1017 1018 1018
1018 1018 1018 1018 1017 1017 1018 1017 1017 1018 1017 1018 1017 1017 1018 1017 1017 1018 1017 1017
1018 1018 1017 1018 1018 1018 1017 1017 1018 1018 1017 1017 1017 1018 1018 1017 1018 1017 1017 1018
1018 1017 1018 1018 1018 1017 1018 1018 1017 1017 1017 1018 1018 1018 1016 1018 1018 1017 1017 1017
1017 1018 1018 1017 1017 1018 1018 1017 1017 1018 1018 1017 1017 1017 1018 1017 1017 1017 1018 1017
1018 1018 1018 1017 1018 1018 1018 1018 1018 1017 1017 1017 1018 1018 1018 1017 1018 1018 1017 1017
1018 1017 1018 1018 1018 1017 1017 1018 1018 1017 1018 1017 1018 1018 1017 1017 1017 1017 1018 1017
1018 1018 1018 1017 1018 1017 1018 1018 1017 1017 1018 1017 1017 1017 1017 1017 1017 1017 1017 1017
1018 1018 1017 1018 1018 1018 1018 1018 1017 1018 1018 1017 1018 1018 1017 1017 1017 1017 1017 1017
1018 1017 1018 1018 1018 1017 1017 1018 1017 1018 1017 1018 1017 1017 1017 1018 1017 1017 1018 1017
1017 1017 1018 1018 1017 1017 1018 1017 1017 1018 1017 1018 1017 1017 1017 1017 1017 1017 1017 1017
1018 1018 1017 1018 1018 1018 1017 1017 1018 1017 1017 1017 1017 1018 1018 1017 1017 1018 1017 1017
1018 1017 1018 1018 1017 1018 1017 1018 1018 1017 1018 1018 1018 1018 1017 1018 1018 1017 1018 1018
1018 1018 1017 1018 1017 1018 1018 1018 1018 1017 1017 1017 1017 1017 1018 1018 1017 1018 1018 1017
1018 1018 1017 1018 1017 1018 1018 1018 1018 1017 1018 1017 1017 1018 1018 1017 1018 1017 1017 1017
1018 1017 1018 1017 1018 1018 1017 1018 1018 1018 1018 1017 1017 1017 1017 1017 1018 1017 1017 1017
1018 1018 1018 1018 1017 1018 1018 1017 1017 1017 1017 1018 1017 1017 1018 1017 1017 1017 1017 1018
1018 1018 1017 1017 1017 1018 1018 1017 1017 1018 1017 1016 1017 1018 1018 1017 1017 1018 1017 1017
1018 1017 1017 1018 1018 1017 1017 1018 1018 1018 1017 1018 1018 1017 1017 1018 1018 1018 1018 1017
1017 1017 1018 1018 1017 1017 1018 1018 1017 1017 1018 1018 1017 1017 1017 1017 1017 1017 1017 1017
1018 1018 1017 1017 1018 1018 1018 1017 1018 1017 1018 1017 1018 1018 1018 1017 1017 1018 1017 1017
1018 1017 1018 1017 1017 1017 1017 1018 1018 1017 1017 1017 1017 1017 1017 1018 1018 1017 1018 1017
1017 1017 1018 1018 1017 1017 1018 1017 1018 1017 1018 1017 1018 1017 1018 1017 1017 1017 1018 1018
1017 1017 1017 1017 1018 1018 1018 1017 1017 1018 1017 1017 1017 1018 1018 1017 1017 1017 1017 1017
1017 1017 1017 1018 1017 1017 1017 1017 1017 1017 1017 1017 1017 1017 1017 1017 1017 1017 1017 1018
1017 1017 1017 1017 1017 1018 1018 1018 1018 1017 1018 1018 1018 1017 1017 1018 1017 1018 1018 1018
1018 1017 1017 1017 1018 1018 1018 1017 1017 1018 1018 1017 1017 1018 1018 1017 1018 1018 1018 1017
1017 1017 1017 1017 1017 1017 1018 1017 1017 1018 1017 1017 1017 1018 1017 1017 1018 1018 1017 1018
1017 1017 1017 1017 1017 1018 1018 1018 1017 1018 1018 1017 1017 1017 1017 1018 1017 1018 1018 1017
1018 1018 1017 1017 1018 1018 1018 1017 1017 1017 1018 1017 1017 1017 1017 1018 1017 1017 1018 1017
1017 1018 1017 1017 1017 1018 1017 1017 1018 1018 1017 1017 1018 1017 1018 1017 1017 1017 1017 1017
1017 1017 1018 1018 1018 1017 1017 1017 1018 1017 1017 1018 1018 1017 1017 1017 1017 1018 1017 1017
1018 1018 1018 1018 1018 1018 1018 1018 1017 1018 1018 1017 1017 1018 1018 1018 1018 1017 1018 1017
1018 1018 1017 1017 1018 1018 1018 1018 1018 1018 1017 1017 1018 1017 1018 1017 1017 1017 1017 1017
1018 1017 1018 1018 1018 1017 1018 1018 1018 1017 1018 1018 1018 1018 1017 1018 1018 1017 1018 1017
1017 1018 1018 1017 1017 1017 1018 1017 1017 1018 1018 1017 1017 1017 1017 1018 1017 1018 1017 1017
1018 1018 1018 1018 1018 1018 1018 1017 1018 1018 1017 1017 1018 1018 1018 1017 1017 1017 1017 1017
1017 1017 1018 1018 1018 1018 1018 1018 1018 1017 1018 1017 1018 1018 1018 1018 1018 1018 1018 1017
1018 1018 1018 1017 1017 1018 1018 1017 1017 1018 1018 1018 1017 1017 1018 1018 1017 1017 1018 1017
1018 1018 1018 1018 1018 1018 1018 1018 1018 1018 1018 1017 1018 1018 1018 1017 1018 1018 1017 1017
1018 1017 1018 1018 1018 1017 1017 1018 1018 1017 1018 1018 1017 1018 1017 1018 1018 1017 1018 1018
1018 1018 1018 1017 1017 1018 1018 1018 1018 1017 1018 1018 1017 1018 1017 1018 1018 1018 1018 1017
1018 1018 1018 1018 1018 1018 1018 1018 1018 1017 1017 1017 1018 1018 1018 1018 1017 1017 1017 1017
1018 1017 1018 1018 1018 1017 1018 1018 1018 1018 1017 1018 1018 1018 1017 1018 1018 1017 1018 1018
1018 1018 1018 1017 1017 1018 1018 1018 1017 1017 1018 1018 1017 1018 1018 1018 1017 1018 1018 1017
1018 1018 1017 1017 1018 1018 1018 1018 1018 1018 1017 1017 1018 1018 1018 1017 1018 1018 1017 1017
1018 1018 1018 1018 1018 1017 1017 1018 1018 1018 1018 1018 1018 1018 1018 1018 1018 1018 1018 1018
1017 1018 1018 1018 1018 1017 1018 1018 1017 1018 1018 1018 1017 1018 1018 1017 1018 1018 1018 1017
1018 1018 1017 1018 1018 1018 1018 1018 1018 1018 1017 1017 1018 1018 1018 1017 1018 1017 1017 1017
1018 1017 1018 1018 1018 1018 1018 1018 1018 1018 1018 1018 1018 1018 1018 1018 1018 1018 1018 1018
1017 1018 1018 1018 1018 1018 1018 1018 1017 1018 1018 1018 1017 1017 1018 1018 1018 1018 1018 1018
1018 1018 1018 1018 1018 1018 1018 1018 1018 1018 1018 1018 1018 1018 1018 1018 1018 1018 1018 1017
1018 1017 1018 1018 1018 1018 1017 1018 1018 1018 1017 1018 1018 1018 1018 1018 1018 1017 1018 1018
1018 1018 1018 1018 1018 1018 1018 1018 1018 1018 1018 1018 1017 1017 1018 1018 1017 1018 1018 1017
1018 1018 1018 1018 1018 1018 1018 1018 1018 1018 1018 1018 1018 1018 1018 1018 1018 1018 1018 1018
1019 1018 1018 1018 1018 1018 1017 1018 1018 1018 1018 1018 1018 1018 1017 1018 1018 1017 1018 1018
1018 1018 1018 1018 1017 1018 1018 1018 1018 1018 1018 1018 1018 1018 1018 1018 1018 1018 1018 1017
1018 1018 1017 1018 1018 1018 1018 1017 1018 1018 1018 1017 1018 1018 1018 1018 1018 1018 1017 1018
1018 1018 1018 1018 1018 1018 1018 1018 1018 1018 1018 1018 1018 1018 1018 1018 1018 1018 1018 1018
1018 1018 1018 1018 1017 1018 1019 1018 1017 1018 1018 1018 1018 1017 1018 1018 1017 1017 1018 1018
1018 1018 1018 1018 1018 1018 1018 1018 1018 1018 1019 1018 1018 1018 1018 1018 1018 1018 1017 1017
1018 1018 1018 1018 1018 1018 1018 1018 1018 1018 1018 1018 1018 1018 1018 1018 1018 1018 1018 1018
1018 1018 1018 1018 1018 1018 1018 1018 1018 1017 1018 1018 1018 1018 1018 1018 1017 1018 1018 1018
1018 1018 1017 1018 1018 1018 1018 1018 1018 1018 1018 1018 1018 1018 1018 1017 1018 1018 1018 1018
1018 1018 1018 1018 1018 1018 1018 1018 1018 1018 1018 1018 1018 1018 1018 1017 1018 1018 1018 1018
1018 1018 1019 1018 1018 1018 1018 1018 1018 1018 1018 1018 1018 1017 1018 1019 1018 1018 1017 1018
1018 1018 1018 1018 1018 1018 1019 1018 1018 1018 1018 1017 1017 1018 1018 1017 1018 1018 1017 1018
1018 1018 1018 1018 1018 1018 1017 1018 1018 1018 1018 1018 1018 1018 1018 1018 1018 1018 1018 1018
1017 1018 1018 1018 1018 1018 1018 1018 1019 1018 1018 1018 1018 1018 1018 1018 1018 1018 1018 1018
1019 1018 1018 1018 1018 1018 1018 1018 1018 1018 1018 1018 1018 1018 1018 1018 1018 1018 1018 1018
1018 1018 1018 1018 1018 1017 1017 1018 1018 1017 1018 1018 1018 1017 1017 1018 1018 1018 1018 1018
1018 1018 1018 1018 1018 1018 1018 1018 1018 1018 1018 1018 1014 1017 1017 1018 1017 1018 1018 1018
1018 1018 1018 1018 1018 1018 1018 1018 1018 1018 1018 1018 1018 1018 1018 1018 1018 1018 1018 1018
1018 1018 1018 1018 1018 1018 1018 1017 1018 1018 1017 1017 1018 1018 1018 1017 1018 1018 1018 1018
1018 1018 1018 1018 1018 1018 1018 1018 1018 1018 1018 1018 1018 1018 1018 1018 1018 1017 1019 1018
1018 1018 1018 1018 1018 1018 1018 1018 1018 1018 1019 1018 1018 1018 1018 1018 1017 1018 1018 1018
1018 1018 1017 1018 1018 1019 1018 1017 1018 1018 1017 1018 1018 1018 1018 1017 1018 1018 1018 1018
1018 1018 1018 1018 1018 1018 1018 1018 1018 1018 1018 1018 1018 1018 1018 1018 1018 1018 1018 1018
1018 1018 1018 1017 1018 1018 1019 1017 1018 1018 1018 1018 1018 1018 1018 1018 1018 1018 1018 1017
1018 1018 1018 1018 1018 1018 1018 1018 1018 1019 1018 1018 1018 1018 1018 1018 1017 1018 1018 1018
1018 1017 1018 1018 1018 1017 1018 1018 1019 1018 1018 1018 1018 1018 1018 1018 1019 1018 1018 1018
1018 1018 1018 1018 1018 1018 1018 1018 1018 1018 1018 1019 1018 1018 1018 1018 1018 1018 1018 1018
1018 1018 1018 1018 1018 1018 1016 1018 1018 1018 1018 1018 1018 1018 1018 1018 1017 1018 1017 1017
1018 1018 1018 1018 1018 1018 1018 1018 1018 1018 1018 1018 1018 1018 1017 1018 1018 1017 1018 1018
1018 1018 1018 1018 1018 1018 1019 1018 1018 1018 1018 1018 1017 1017 1018 1018 1018 1018 1018 1017
1018 1018 1017 1018 1018 1018 1019 1018 1018 1018 1017 1017 1017 1018 1018 1017 1017 1018 1017 1017
1018 1018 1018 1018 1018 1017 1018 1018 1018 1018 1018 1018 1018 1018 1017 1018 1018 1018 1018 1018
1018 1018 1018 1017 1017 1018 1018 1018 1017 1018 1018 1018 1017 1018 1017 1017 1017 1018 1018 1017
1018 1018 1018 1018 1018 1018 1018 1018 1018 1018 1017 1017 1018 1018 1018 1017 1018 1017 1017 1017
1018 1018 1018 1017 1018 1018 1018 1018 1018 1018 1017 1018 1018 1018 1017 1018 1017 1017 1018 1017
1017 1017 1018 1018 1017 1017 1018 1018 1017 1017 1018 1017 1017 1017 1018 1018 1017 1018 1018 1017
1017 1018 1017 1017 1017 1018 1018 1017 1017 1017 1017 1017 1017 1017 1018 1017 1017 1017 1017 1017
1017 1017 1017 1017 1018 1017 1017 1017 1017 1017 1018 1017 1017 1017 1016 1017 1017 1016 1017 1017
1018 1018 1018 1017 1017 1017 1017 1017 1017 1017 1017 1017 1017 1017 1017 1017 1017 1017 1017 1017
1017 1017 1017 1016 1017 1017 1017 1017 1017 1017 1017 1016 1016 1017 1017 1017 1017 1017 1016 1016
1017 1016 1017 1017 1017 1017 1016 1017 1017 1016 1017 1017 1017 1017 1016 1017 1017 1016 1017 1016
1016 1016 1017 1016 1016 1016 1016 1017 1016 1016 1016 1016 1016 1016 1015 1016 1016 1016 1016 1016
1016 1016 1015 1016 1016 1016 1016 1015 1016 1016 1016 1015 1016 1016 1016 1015 1016 1016 1015 1016
1016 1015 1016 1016 1016 1015 1015 1015 1015 1015 1015 1015 1016 1015 1016 1015 1015 1015 1016 1016
1014 1014 1016 1015 1015 1014 1015 1015 1015 1014 1015 1015 1015 1014 1014 1015 1014 1015 1015 1015
1015 1015 1015 1014 1015 1015 1015 1014 1014 1015 1014 1014 1014 1013 1015 1014 1015 1014 1015 1014
1014 1014 1014 1013 1014 1014 1013 1014 1014 1014 1013 1014 1013 1013 1014 1013 1014 1014 1014 1014
1013 1013 1014 1012 1013 1012 1013 1013 1013 1013 1013 1013 1012 1012 1013 1013 1013 1013 1014 1013
1012 1012 1013 1011 1012 1011 1012 1012 1012 1013 1011 1012 1011 1011 1012 1012 1013 1012 1012 1012
1012 1011 1013 1010 1011 1009 1011 1011 1011 1012 1010 1011 1009 1010 1012 1011 1012 1011 1011 1011
1009 1009 1011 1008 1009 1007 1010 1010 1010 1011 1008 1010 1007 1008 1009 1009 1011 1009 1009 1010
1008 1008 1009 1005 1007 1007 1008 1007 1007 1008 1006 1009 1007 1006 1007 1007 1008 1008 1006 1005
1007 1006 1007 1009 1007 1013 1006 1007 1006 1008 1010 1007 1013 1008 1005 1006 1006 1006 1009 1009
1006 1009 1013 1013 1013 1015 1009 1008 1011 1015 1014 1012 1016 1011 1005 1009 1012 1010 1015 1015
1015 1015 1016 1014 1016 1016 1015 1015 1014 1017 1016 1016 1016 1015 1016 1014 1016 1015 1016 1016
1016 1016 1015 1016 1016 1016 1016 1017 1016 1014 1016 1013 1016 1016 1016 1016 1016 1017 1016 1016
1015 1013 1005 1016 1015 1015 1013 1015 1015 1005 1015 990 1015 1015 1012 1013 1013 1012 1014 1016
1006 1001 1002 1000 998 992 995 1004 1003 999 987 1008 987 999 991 991 1004 992 1010 1004
999 1003 1010 1007 1007 1008 1005 999 1002 1007 1008 1011 1009 1007 1007 1008 997 1008 998 1004
1008 1010 1011 1011 1011 1012 1010 1008 1009 1010 1012 1013 1012 1011 1011 1011 1009 1011 1010 1010
1010 1012 1013 1012 1013 1013 1012 1011 1011 1011 1013 1014 1013 1013 1012 1013 1011 1013 1010 1011
1012 1012 1013 1014 1013 1014 1012 1013 1012 1012 1014 1014 1014 1014 1013 1013 1013 1014 1013 1013
1013 1013 1014 1014 1014 1014 1014 1014 1013 1013 1015 1014 1015 1014 1014 1014 1014 1014 1014 1014
1014 1015 1015 1014 1014 1015 1014 1015 1014 1014 1015 1015 1015 1014 1014 1015 1014 1015 1015 1013
1014 1015 1015 1015 1015 1015 1015 1015 1015 1015 1015 1014 1015 1015 1015 1014 1015 1015 1015 1015
1015 1015 1016 1016 1016 1015 1016 1016 1016 1015 1015 1016 1016 1015 1015 1015 1015 1015 1016 1015
1015 1016 1016 1016 1016 1016 1016 1017 1016 1016 1015 1015 1016 1015 1015 1016 1016 1016 1016 1015
1016 1016 1016 1015 1016 1016 1016 1016 1016 1016 1015 1015 1016 1016 1016 1015 1016 1016 1016 1015
1017 1016 1017 1016 1016 1016 1016 1017 1017 1017 1016 1016 1016 1016 1016 1016 1016 1016 1016 1016
1016 1016 1017 1016 1016 1017 1017 1016 1016 1016 1016 1017 1016 1016 1017 1016 1016 1017 1017 1016
1017 1017 1015 1016 1017 1017 1017 1017 1017 1017 1015 1016 1016 1017 1017 1016 1017 1016 1016 1016
1017 1017 1017 1017 1017 1016 1017 1017 1017 1017 1017 1017 1017 1017 1016 1017 1017 1017 1017 1017
1017 1017 1017 1017 1016 1017 1018 1017 1016 1017 1017 1017 1016 1017 1017 1017 1017 1017 1017 1016
1017 1017 1017 1017 1017 1017 1017 1016 1017 1017 1017 1017 1017 1017 1017 1017 1016 1016 1016 1017
1017 1017 1018 1017 1017 1017 1017 1017 1017 1017 1017 1017 1017 1017 1017 1017 1017 1017 1017 1017
1017 1018 1017 1017 1017 1017 1017 1017 1017 1018 1017 1017 1017 1017 1017 1017 1016 1017 1017 1017
1017 1017 1017 1017 1017 1018 1017 1017 1017 1017 1018 1017 1017 1017 1017 1017 1017 1017 1016 1016
1018 1017 1017 1018 1017 1018 1017 1017 1018 1017 1017 1017 1017 1017 1017 1018 1018 1017 1017 1017
1017 1018 1018 1017 1017 1017 1018 1018 1017 1017 1017 1018 1017 1017 1018 1017 1017 1018 1017 1017
1018 1018 1016 1017 1017 1017 1018 1017 1018 1018 1017 1017 1017 1018 1018 1016 1017 1017 1016 1017
1017 1017 1018 1018 1017 1018 1017 1018 1017 1018 1017 1017 1017 1017 1017 1018 1017 1017 1017 1017
1017 1017 1018 1019 1017 1017 1018 1018 1017 1017 1017 1018 1017 1017 1017 1017 1017 1017 1018 1018
1018 1016 1017 1017 1017 1017 1018 1017 1018 1017 1018 1017 1018 1017 1017 1016 1017 1017 1017 1017
1017 1018 1017 1017 1018 1017 1017 1017 1017 1017 1017 1017 1017 1018 1017 1017 1017 1017 1017 1017
1017 1017 1017 1018 1017 1017 1017 1018 1017 1017 1018 1017 1017 1016 1017 1017 1017 1017 1017 1017
1017 1017 1017 1017 1017 1017 1018 1017 1018 1018 1017 1017 1017 1017 1018 1017 1018 1018 1017 1017
1017 1018 1017 1017 1017 1018 1017 1018 1018 1017 1017 1017 1017 1017 1017 1016 1017 1017 1017 1017
1017 1017 1017 1017 1017 1017 1017 1018 1018 1017 1017 1017 1017 1017 1017 1017 1017 1017 1017 1017
1017 1017 1017 1017 1017 1017 1017 1017 1017 1018 1017 1017 1017 1017 1017 1016 1017 1017 1017 1017
1017 1017 1017 1018 1018 1017 1017 1017 1018 1017 1016 1017 1017 1018 1018 1017 1017 1017 1017 1015
1017 1017 1017 1018 1017 1017 1018 1017 1017 1017 1017 1017 1017 1017 1017 1017 1017 1017 1017 1017
1017 1017 1017 1017 1017 1017 1018 1017 1018 1017 1017 1016 1017 1017 1018 1017 1017 1017 1017 1016
1017 1018 1018 1018 1017 1017 1017 1017 1017 1018 1017 1018 1018 1018 1018 1017 1017 1017 1017 1017
1016 1017 1017 1018 1018 1016 1017 1018 1017 1017 1017 1017 1017 1017 1017 1017 1016 1017 1017 1017
1017 1017 1018 1017 1017 1018 1018 1017 1017 1017 1017 1017 1017 1017 1017 1017 1017 1017 1017 1017
1017 1017 1017 1017 1017 1017 1017 1017 1017 1017 1017 1017 1017 1017 1017 1016 1017 1017 1017 1017
1017 1017 1018 1017 1017 1017 1017 1017 1017 1016 1017 1017 1017 1017 1016 1017 1017 1017 1017 1017
1017 1017 1017 1017 1016 1017 1017 1017 1017 1017 1017 1017 1017 1017 1017 1017 1017 1017 1017 1017
1017 1017 1017 1017 1017 1017 1017 1017 1017 1017 1016 1017 1017 1017 1017 1016 1017 1017 1017 1017
1017 1017 1017 1017 1017 1017 1017 1017 1017 1017 1017 1017 1017 1017 1017 1017 1017 1017 1017 1017
1017 1017 1017 1016 1017 1017 1018 1017 1017 1017 1017 1017 1017 1017 1017 1017 1017 1017 1017 1016
1017 1017 1017 1017 1017 1017 1017 1017 1017 1017 1017 1017 1017 1017 1017 1016 1017 1017 1016 1016
1017 1017 1017 1017 1017 1017 1017 1017 1017 1017 1017 1017 1017 1017 1018 1017 1017 1017 1017 1017
1017 1017 1017 1016 1017 1017 1017 1017 1016 1016 1016 1017 1016 1016 1017 1016 1017 1017 1017 1016
1017 1017 1017 1017 1017 1017 1017 1017 1017 1017 1017 1016 1017 1017 1015 1016 1017 1017 1017 1017
1017 1016 1017 1017 1017 1017 1017 1017 1017 1017 1017 1016 1017 1017 1013 1016 1017 1016 1017 1017
1017 1017 1017 1017 1017 1017 1018 1017 1017 1017 1017 1017 1017 1017 1015 1017 1017 1017 1017 1016
1017 1016 1017 1016 1017 1016 1017 1017 1017 1017 1017 1016 1017 1017 1015 1016 1017 1017 1016 1016
1017 1017 1017 1017 1017 1017 1016 1017 1017 1016 1017 1017 1017 1017 1014 1017 1017 1017 1017 1017
1016 1017 1017 1016 1017 1017 1017 1017 1016 1016 1017 1017 1017 1017 1015 1016 1016 1017 1016 1017
1017 1017 1016 1016 1016 1017 1017 1016 1016 1016 1014 1016 1016 1016 1015 1015 1017 1017 1016 1017
1017 1016 1017 1017 1017 1017 1016 1017 1017 1017 1017 1017 1017 1017 1015 1016 1017 1016 1017 1017
1017 1017 1017 1017 1016 1016 1017 1017 1016 1017 1017 1017 1016 1017 1015 1016 1016 1016 1017 1017
1016 1017 1016 1017 1017 1017 1017 1016 1016 1017 1016 1016 1016 1016 1014 1015 1017 1017 1016 1017
1017 1017 1017 1017 1017 1017 1017 1017 1017 1017 1017 1017 1017 1016 1015 1017 1017 1016 1016 1017
1017 1017 1017 1017 1016 1017 1017 1017 1016 1016 1017 1017 1017 1016 1014 1016 1016 1017 1017 1017
1017 1017 1016 1016 1017 1017 1017 1016 1017 1016 1016 1016 1016 1017 1015 1015 1017 1016 1017 1017
1017 1016 1017 1017 1017 1017 1017 1017 1017 1017 1017 1017 1017 1017 1015 1016 1017 1017 1016 1017
1016 1017 1017 1017 1017 1017 1017 1017 1017 1017 1016 1017 1017 1016 1019 1017 1017 1017 1017 1017
1017 1017 1016 1016 1017 1017 1017 1016 1016 1017 1016 1015 1017 1017 1014 1016 1016 1016 1016 1016
1017 1017 1017 1017 1017 1017 1017 1017 1017 1017 1016 1017 1017 1017 1015 1016 1017 1017 1017 1017
1016 1016 1017 1017 1016 1017 1017 1017 1016 1017 1017 1017 1017 1016 1014 1016 1016 1017 1017 1017
1017 1017 1016 1016 1016 1017 1018 1016 1017 1017 1017 1016 1017 1017 1015 1016 1016 1017 1016 1015
1016 1017 1017 1016 1016 1017 1016 1016 1017 1017 1016 1017 1017 1017 1014 1016 1017 1017 1017 1016
1016 1017 1017 1017 1016 1017 1017 1017 1016 1016 1017 1017 1017 1016 1015 1017 1016 1017 1017 1017
1016 1017 1016 1017 1017 1017 1017 1016 1017 1017 1016 1016 1016 1017 1016 1016 1017 1017 1015 1016
1016 1017 1016 1017 1017 1017 1017 1016 1017 1017 1016 1017 1017 1017 1015 1016 1017 1017 1016 1017
1016 1016 1017 1017 1016 1017 1017 1017 1017 1016 1017 1017 1017 1016 1014 1017 1016 1017 1017 1017
1017 1017 1016 1017 1017 1017 1017 1016 1017 1017 1017 1016 1017 1017 1015 1016 1017 1017 1016 1017
1017 1017 1017 1017 1017 1017 1016 1017 1017 1017 1016 1017 1017 1017 1016 1017 1017 1017 1017 1017
1014 1017 1017 1017 1017 1016 1017 1017 1017 1017 1017 1017 1016 1016 1018 1017 1016 1017 1016 1016
1017 1017 1017 1016 1017 1017 1017 1016 1017 1016 1017 1016 1017 1016 1016 1017 1016 1017 1017 1016
1017 1017 1017 1017 1017 1017 1017 1017 1017 1017 1017 1017 1017 1017 1016 1016 1017 1017 1016 1017
1016 1017 1017 1017 1017 1016 1016 1017 1017 1016 1017 1017 1017 1016 1014 1017 1016 1016 1017 1017
1017 1016 1017 1017 1017 1017 1017 1017 1017 1017 1016 1016 1016 1016 1020 1017 1017 1017 1017 1016
1017 1017 1017 1017 1017 1017 1017 1017 1017 1017 1016 1016 1017 1017 1016 1016 1017 1017 1016 1016
1016 1016 1017 1017 1017 1016 1017 1017 1017 1017 1017 1017 1017 1016 1014 1017 1017 1016 1017 1017
1017 1017 1017 1016 1016 1017 1016 1016 1017 1017 1017 1016 1016 1016 1015 1016 1016 1016 1017 1016
1017 1017 1017 1017 1017 1017 1017 1017 1017 1017 1016 1017 1017 1017 1014 1017 1017 1017 1017 1016
1016 1017 1017 1017 1017 1016 1016 1017 1017 1016 1017 1017 1017 1017 1014 1016 1017 1017 1017 1017
1016 1017 1017 1016 1016 1017 1017 1016 1016 1017 1017 1017 1016 1017 1014 1017 1016 1017 1017 1016
1017 1017 1017 1017 1017 1017 1017 1017 1017 1017 1016 1017 1017 1017 1014 1016 1017 1016 1016 1017
1016 1016 1017 1017 1017 1017 1017 1017 1017 1017 1016 1017 1017 1017 1016 1017 1017 1017 1017 1017
1017 1017 1017 1016 1016 1017 1017 1017 1016 1017 1017 1017 1016 1016 1017 1017 1017 1017 1017 1017
1016 1017 1016 1017 1017 1017 1017 1017 1017 1017 1016 1017 1017 1017 1017 1016 1017 1017 1016 1016
1017 1016 1017 1017 1017 1016 1017 1017 1017 1017 1016 1017 1017 1017 1016 1017 1017 1016 1017 1016
1017 1017 1017 1016 1017 1017 1017 1017 1016 1017 1017 1017 1016 1017 1017 1017 1016 1017 1017 1016
1017 1017 1017 1017 1017 1017 1017 1016 1016 1017 1016 1016 1017 1017 1017 1017 1017 1017 1017 1016
1017 1017 1017 1017 1017 1017 1017 1015 1017 1017 1017 1017 1018 1017 1017 1017 1017 1016 1017 1017
1016 1017 1017 1016 1017 1017 1017 1017 1016 1016 1017 1017 1017 1017 1017 1017 1017 1017 1017 1016
1017 1017 1016 1017 1017 1017 1017 1017 1017 1017 1016 1016 1017 1017 1017 1016 1017 1017 1016 1017
1017 1016 1017 1017 1017 1017 1017 1017 1016 1017 1017 1017 1017 1017 1016 1017 1017 1017 1017 1017
1017 1017 1017 1017 1017 1017 1017 1017 1016 1017 1017 1017 1017 1017 1017 1017 1017 1016 1017 1017
1017 1017 1017 1017 1017 1017 1016 1017 1016 1016 1016 1016 1017 1017 1016 1016 1017 1017 1016 1017
1017 1015 1017 1017 1017 1017 1016 1017 1017 1017 1017 1017 1017 1017 1017 1017 1017 1016 1017 1017
1017 1017 1017 1017 1017 1017 1017 1017 1016 1017 1017 1017 1016 1017 1017 1017 1017 1017 1017 1017
1017 1016 1017 1017 1016 1016 1017 1017 1017 1016 1017 1016 1017 1017 1016 1016 1017 1017 1017 1017
1017 1017 1017 1017 1017 1017 1016 1017 1017 1017 1017 1017 1016 1017 1017 1017 1017 1016 1017 1017
1017 1017 1017 1017 1017 1017 1017 1017 1017 1016 1017 1017 1017 1017 1016 1017 1016 1017 1017 1017
1016 1014 1016 1016 1016 1017 1017 1016 1015 1017 1017 1016 1016 1017 1017 1015 1016 1017 1016 1017
1017 1017 1017 1017 1017 1017 1017 1017 1017 1017 1017 1017 1017 1017 1017 1017 1017 1017 1017 1017
1017 1017 1017 1017 1016 1017 1017 1017 1016 1017 1017 1017 1017 1016 1017 1017 1016 1017 1017 1017
1016 1017 1016 1016 1017 1017 1017 1016 1017 1017 1016 1016 1017 1017 1017 1016 1017 1017 1016 1017
1017 1017 1017 1017 1017 1017 1017 1017 1017 1017 1017 1017 1017 1017 1017 1017 1017 1017 1017 1017
1017 1017 1017 1017 1016 1017 1017 1017 1017 1017 1017 1017 1017 1017 1017 1017 1017 1017 1017 1017
1017 1017 1016 1017 1017 1017 1017 1017 1017 1017 1016 1016 1017 1017 1017 1016 1016 1016 1016 1017
1017 1017 1017 1017 1017 1017 1017 1017 1017 1017 1017 1017 1017 1017 1017 1017 1017 1017 1017 1017
1017 1017 1017 1017 1017 1017 1018 1017 1017 1017 1017 1017 1017 1017 1017 1017 1017 1017 1017 1017
1017 1017 1017 1017 1017 1017 1018 1017 1017 1017 1017 1017 1017 1017 1017 1017 1016 1017 1016 1016
1017 1017 1017 1017 1017 1017 1017 1017 1017 1017 1017 1017 1017 1017 1017 1014 1017 1018 1017 1017
1017 1017 1017 1017 1017 1017 1017 1017 1017 1017 1017 1017 1017 1017 1017 1017 1017 1017 1017 1017
1017 1017 1017 1017 1017 1017 1017 1017 1017 1017 1017 1016 1017 1017 1017 1017 1017 1017 1016 1016
1017 1017 1017 1017 1017 1017 1017 1017 1017 1017 1017 1017 1017 1017 1017 1017 1017 1017 1017 1017
1016 1017 1018 1017 1017 1017 1017 1017 1017 1017 1017 1017 1017 1016 1017 1017 1016 1017 1017 1017
1017 1017 1017 1017 1017 1017 1017 1017 1017 1017 1017 1017 1017 1018 1017 1017 1017 1017 1017 1016
1017 1018 1017 1017 1018 1017 1017 1017 1017 1017 1017 1017 1017 1017 1017 1017 1017 1017 1017 1017
1017 1017 1017 1017 1018 1017 1017 1017 1017 1017 1017 1017 1018 1017 1017 1017 1017 1017 1017 1017
1017 1017 1017 1017 1017 1017 1017 1017 1018 1017 1017 1018 1017 1017 1017 1017 1017 1017 1017 1017
1018 1018 1017 1017 1017 1018 1018 1018 1017 1017 1017 1018 1017 1017 1018 1016 1017 1017 1017 1017
1017 1017 1017 1017 1017 1017 1017 1017 1017 1017 1017 1017 1018 1017 1017 1017 1017 1017 1017 1017
1018 1017 1017 1017 1017 1017 1018 1016 1017 1017 1018 1017 1017 1017 1017 1017 1017 1017 1017 1017
1018 1018 1017 1018 1017 1018 1018 1017 1018 1018 1017 1017 1018 1017 1017 1017 1017 1018 1017 1017
1017 1017 1017 1018 1017 1017 1017 1018 1017 1017 1017 1017 1017 1017 1017 1017 1017 1017 1017 1017
1017 1018 1018 1017 1017 1018 1018 1018 1017 1018 1018 1018 1017 1018 1018 1017 1017 1018 1017 1017
1017 1017 1017 1018 1017 1017 1017 1017 1017 1017 1017 1017 1017 1017 1017 1017 1017 1017 1017 1017
1018 1017 1017 1018 1018 1017 1017 1018 1017 1017 1018 1017 1017 1018 1017 1018 1017 1017 1018 1018
1017 1018 1017 1017 1017 1018 1018 1018 1017 1017 1018 1018 1017 1017 1017 1017 1017 1018 1017 1017
1018 1018 1017 1017 1018 1017 1018 1017 1018 1018 1017 1018 1017 1018 1018 1016 1018 1018 1017 1017
1017 1017 1018 1018 1017 1017 1017 1018 1017 1018 1018 1017 1017 1017 1017 1018 1018 1017 1017 1018
1018 1017 1018 1017 1018 1017 1018 1017 1017 1017 1018 1018 1017 1017 1018 1018 1017 1017 1017 1017
1018 1018 1017 1018 1017 1018 1018 1018 1018 1017 1018 1017 1018 1017 1018 1017 1018 1018 1017 1018
1018 1018 1018 1017 1017 1018 1017 1017 1018 1017 1017 1018 1017 1017 1017 1017 1017 1017 1017 1017
1017 1017 1018 1018 1017 1018 1018 1018 1017 1017 1018 1018 1016 1017 1017 1017 1017 1017 1017 1018
1018 1018 1017 1017 1018 1018 1018 1017 1018 1018 1017 1017 1018 1018 1018 1017 1018 1018 1017 1017
1018 1017 1018 1018 1018 1018 1017 1018 1017 1017 1017 1018 1018 1018 1017 1018 1017 1017 1017 1017
1017 1018 1018 1018 1018 1018 1018 1018 1017 1017 1018 1018 1018 1017 1018 1018 1017 1018 1018 1018
1018 1017 1017 1018 1018 1017 1018 1017 1018 1018 1018 1017 1017 1018 1017 1017 1018 1018 1017 1017
1018 1018 1018 1018 1018 1018 1017 1018 1018 1018 1017 1018 1018 1018 1018 1017 1018 1017 1017 1018
1017 1018 1018 1017 1017 1017 1017 1018 1017 1017 1017 1017 1017 1017 1017 1017 1018 1017 1017 1018
1018 1018 1017 1018 1017 1018 1017 1017 1018 1017 1017 1017 1017 1018 1017 1017 1018 1018 1017 1017
1018 1018 1018 1018 1018 1018 1017 1018 1017 1017 1017 1017 1017 1018 1017 1018 1018 1018 1018 1018
1017 1017 1018 1018 1017 1017 1017 1018 1018 1018 1018 1018 1017 1017 1017 1018 1017 1017 1018 1018
1017 1017 1018 1017 1017 1017 1017 1017 1018 1017 1017 1017 1017 1017 1017 1017 1017 1018 1017 1017
1018 1018 1017 1018 1018 1017 1017 1018 1018 1018 1018 1018 1018 1018 1017 1017 1018 1018 1017 1018
1017 1018 1018 1018 1017 1017 1018 1018 1018 1017 1018 1018 1018 1017 1018 1018 1017 1017 1018 1018
1017 1017 1017 1017 1017 1017 1017 1017 1017 1017 1017 1017 1017 1017 1017 1017 1017 1017 1017 1017
1018 1018 1018 1017 1017 1018 1017 1018 1018 1017 1017 1018 1018 1017 1018 1017 1018 1018 1017 1018
1017 1017 1017 1018 1017 1018 1018 1018 1018 1017 1018 1018 1018 1017 1018 1017 1017 1017 1017 1018
1016 1017 1016 1016 1017 1018 1018 1016 1017 1017 1017 1016 1017 1017 1017 1017 1017 1017 1018 1017
1017 1018 1018 1018 1018 1017 1017 1017 1018 1017 1017 1018 1018 1017 1017 1018 1018 1017 1018 1018
1017 1017 1017 1018 1017 1018 1017 1017 1017 1017 1017 1017 1017 1017 1017 1017 1017 1018 1017 1017
1017 1018 1017 1017 1017 1018 1018 1017 1017 1017 1017 1017 1017 1017 1018 1017 1017 1017 1017 1017
1017 1017 1017 1017 1017 1017 1017 1017 1017 1017 1017 1017 1017 1017 1017 1016 1017 1017 1017 1017
1017 1017 1017 1017 1017 1017 1017 1017 1017 1017 1017 1017 1017 1016 1016 1017 1017 1017 1017 1017
1017 1017 1017 1017 1017 1017 1017 1017 1017 1017 1017 1017 1016 1017 1017 1017 1016 1017 1017 1016
1017 1017 1017 1017 1017 1017 1017 1017 1017 1017 1017 1016 1017 1017 1016 1017 1017 1017 1017 1017
1016 1017 1017 1017 1017 1016 1017 1017 1017 1017 1017 1017 1017 1017 1016 1017 1017 1017 1017 1017
1016 1017 1017 1016 1017 1017 1017 1017 1017 1017 1017 1017 1016 1016 1017 1017 1016 1017 1016 1016
1016 1017 1017 1017 1017 1017 1017 1016 1017 1017 1016 1016 1016 1017 1016 1016 1017 1017 1016 1016
1016 1016 1016 1016 1016 1016 1017 1016 1016 1016 1016 1016 1016 1016 1016 1016 1016 1015 1016 1016
1016 1016 1016 1016 1016 1015 1016 1016 1015 1016 1016 1016 1015 1016 1016 1016 1016 1016 1015 1015
1016 1016 1016 1016 1016 1016 1016 1016 1016 1016 1015 1015 1016 1016 1016 1015 1016 1016 1016 1016
1016 1015 1016 1015 1015 1015 1016 1016 1016 1015 1016 1016 1015 1016 1015 1016 1015 1015 1016 1015
1015 1015 1015 1015 1015 1015 1015 1015 1015 1015 1015 1015 1015 1015 1012 1015 1015 1015 1015 1014
1015 1014 1014 1015 1015 1015 1015 1015 1015 1014 1014 1015 1015 1014 1014 1014 1014 1014 1015 1014
1014 1013 1014 1014 1014 1013 1014 1015 1014 1015 1014 1014 1014 1014 1014 1014 1014 1013 1014 1014
1013 1014 1013 1013 1013 1013 1013 1014 1013 1013 1013 1013 1013 1013 1014 1012 1013 1013 1013 1013
1012 1013 1011 1012 1013 1013 1013 1013 1013 1012 1011 1012 1013 1013 1013 1012 1013 1012 1011 1012
1011 1011 1011 1012 1012 1011 1011 1012 1013 1011 1012 1012 1012 1012 1012 1012 1011 1011 1012 1012
1010 1011 1010 1011 1011 1011 1011 1012 1011 1011 1011 1011 1011 1011 1010 1011 1011 1010 1011 1010
1009 1010 1008 1010 1010 1010 1010 1010 1010 1009 1009 1010 1011 1010 1009 1010 1010 1010 1010 1010
1005 1008 1004 1009 1008 1009 1008 1009 1007 1005 1007 1008 1009 1008 1005 1009 1008 1009 1009 1009
996 1005 996 1005 1003 1006 1005 1004 999 996 1002 1002 1004 1000 996 1006 1002 1007 1004 1005
1006 997 1006 999 995 998 995 995 1006 1009 996 1002 995 1005 1007 994 995 992 995 1002
1014 1012 1014 1014 1010 1015 1010 1012 1015 1015 1008 1015 1011 1016 1014 1014 1010 1012 1011 1016
1015 1016 1016 1015 1016 1013 1016 1016 1014 1014 1016 1015 1017 1013 1016 1011 1015 1014 1016 1012
1011 1010 1011 1003 1006 965 1003 1010 1008 1008 1010 1006 1011 1000 1010 978 1004 984 1010 945
942 996 943 999 1000 1007 1003 944 956 944 999 940 980 999 978 1008 1002 1003 986 1007
1007 1008 1007 1007 1008 1010 1010 1006 1006 1007 1009 1007 1007 1007 1007 1010 1009 1009 1007 1010
1010 1011 1010 1010 1010 1011 1011 1009 1010 1011 1011 1010 1011 1009 1011 1011 1011 1011 1010 1012
1012 1012 1012 1012 1011 1012 1012 1011 1012 1012 1012 1012 1012 1012 1012 1013 1012 1012 1012 1012
1011 1012 1013 1013 1012 1013 1012 1012 1013 1012 1013 1013 1013 1012 1012 1013 1013 1012 1012 1013
1013 1013 1013 1013 1013 1014 1014 1013 1014 1014 1014 1013 1013 1013 1013 1014 1014 1013 1013 1013
1014 1014 1013 1014 1014 1014 1013 1014 1014 1014 1014 1014 1014 1014 1014 1014 1014 1014 1013 1014
1014 1015 1014 1014 1014 1014 1014 1015 1015 1014 1015 1015 1014 1014 1014 1015 1014 1014 1014 1014
1015 1015 1015 1015 1014 1014 1014 1015 1015 1015 1015 1015 1014 1015 1014 1015 1015 1015 1015 1014
1016 1015 1015 1016 1015 1015 1015 1015 1016 1015 1014 1015 1015 1015 1015 1015 1015 1015 1015 1016
1015 1016 1016 1015 1015 1015 1016 1016 1016 1016 1015 1016 1015 1015 1015 1016 1015 1015 1015 1015
1016 1015 1016 1015 1015 1015 1016 1015 1016 1016 1016 1016 1015 1015 1015 1016 1015 1016 1016 1015
1016 1017 1017 1016 1017 1016 1016 1017 1016 1016 1016 1016 1016 1016 1016 1016 1017 1017 1016 1016
1016 1017 1017 1016 1017 1016 1017 1016 1017 1017 1016 1017 1016 1016 1016 1014 1016 1016 1016 1016
1016 1016 1017 1016 1016 1016 1016 1016 1015 1016 1017 1016 1015 1016 1017 1017 1017 1017 1017 1016
1017 1017 1017 1017 1017 1017 1017 1017 1017 1016 1017 1016 1017 1017 1017 1017 1017 1017 1016 1017
1016 1017 1017 1017 1017 1016 1017 1017 1017 1017 1017 1017 1017 1016 1016 1017 1017 1017 1017 1017
1017 1017 1017 1016 1017 1018 1018 1016 1016 1017 1017 1016 1016 1018 1017 1017 1017 1017 1017 1017
1018 1017 1017 1018 1018 1018 1017 1017 1017 1017 1017 1017 1018 1017 1017 1017 1017 1017 1017 1018
1017 1017 1018 1018 1017 1017 1017 1018 1017 1017 1017 1017 1017 1017 1017 1017 1017 1017 1017 1017
1017 1017 1017 1017 1017 1018 1017 1017 1017 1017 1017 1017 1017 1017 1016 1017 1017 1017 1017 1017
1018 1018 1017 1017 1018 1018 1018 1017 1018 1017 1017 1017 1017 1018 1017 1017 1018 1017 1017 1017
1018 1017 1017 1018 1017 1018 1017 1017 1018 1018 1018 1018 1017 1017 1017 1017 1018 1017 1018 1017
1018 1018 1018 1017 1017 1017 1018 1018 1017 1017 1018 1018 1017 1017 1017 1018 1016 1017 1017 1016
1018 1018 1017 1018 1018 1018 1018 1017 1017 1018 1017 1017 1018 1018 1018 1017 1018 1018 1017 1018
1018 1017 1018 1018 1018 1017 1017 1018 1018 1018 1017 1018 1018 1018 1017 1017 1018 1017 1017 1017
1018 1018 1018 1018 1017 1018 1018 1018 1017 1018 1018 1018 1017 1018 1018 1018 1017 1017 1017 1017
1018 1018 1018 1018 1018 1018 1018 1018 1018 1018 1017 1017 1018 1018 1018 1018 1018 1017 1017 1018
1018 1017 1018 1018 1018 1017 1017 1018 1018 1018 1018 1017 1018 1018 1017 1018 1018 1017 1018 1018
1017 1018 1018 1018 1018 1018 1018 1018 1017 1018 1018 1018 1017 1017 1018 1018 1017 1018 1017 1017
1018 1018 1017 1018 1018 1018 1018 1017 1018 1018 1017 1017 1017 1017 1018 1017 1018 1018 1017 1018
1018 1018 1018 1018 1018 1018 1018 1018 1018 1018 1018 1018 1018 1018 1018 1018 1018 1018 1018 1018
1018 1018 1018 1018 1017 1018 1018 1018 1015 1018 1018 1018 1017 1018 1017 1018 1017 1018 1018 1018
1018 1018 1017 1018 1018 1018 1018 1018 1018 1018 1018 1017 1018 1018 1018 1018 1018 1018 1018 1018
1018 1018 1018 1018 1018 1018 1017 1018 1018 1018 1017 1018 1018 1018 1017 1018 1018 1017 1018 1018
1017 1018 1018 1018 1017 1018 1018 1018 1018 1018 1018 1018 1018 1017 1017 1018 1017 1018 1017 1018
1018 1018 1018 1018 1018 1018 1018 1017 1018 1018 1018 1018 1017 1018 1018 1017 1018 1018 1017 1017
1018 1017 1018 1018 1018 1018 1017 1018 1018 1018 1018 1017 1018 1018 1018 1018 1018 1018 1017 1018
1018 1018 1018 1018 1018 1018 1018 1018 1017 1017 1018 1018 1018 1018 1018 1017 1018 1018 1018 1017
1018 1018 1017 1018 1018 1018 1018 1018 1018 1018 1018 1017 1018 1018 1018 1017 1018 1018 1017 1017
1018 1018 1018 1018 1018 1018 1017 1018 1018 1018 1018 1018 1018 1018 1018 1018 1018 1018 1018 1018
