9
10
13
15
16
17
18
21
22
23
26
28
30
33
35
36
40
44
47
49
52
56
58
60
63
66
69
73
76
79
84
88
91
93
97
101
103
106
109
112
116
119
123
126
128
131
133
135
137
141
146
149
151
153
154
156
158
161
165
168
169
170
172
174
176
177
177
176
174
174
175
174
171
169
171
170
167
168
169
169
167
166
167
167
166
165
167
167
165
164
164
163
162
160
161
157
155
156
157
156
153
150
147
146
145
142
138
133
129
126
123
119
115
111
108
105
103
102
96
92
88
85
82
76
73
70
68
66
63
57
52
48
45
44
42
40
39
34
29
26
24
22
22
21
19
16
14
13
11
11
10
8
7
6
5
4
3
2
2
1
1
0
0
0
0
0
0
0
0
1
1
1
2
2
4
3
4
5
6
8
9
11
13
15
17
18
20
21
22
26
28
31
33
35
37
39
42
46
49
51
53
56
60
63
65
70
72
77
80
83
86
91
96
100
103
106
108
112
115
118
122
126
130
132
134
138
142
145
147
150
152
155
158
160
162
164
165
167
170
172
174
176
177
178
180
181
182
184
185
187
187
187
189
189
189
189
190
191
191
190
189
188
188
187
186
187
186
184
183
182
179
177
176
175
175
172
170
167
164
161
157
153
149
145
144
141
137
133
129
126
124
122
117
112
108
104
101
99
95
92
87
84
80
78
73
70
66
63
61
57
54
51
48
45
42
41
38
34
32
28
27
25
22
19
18
16
15
13
11
10
9
8
6
5
4
4
3
2
2
1
0
0
0
0
0
0
0
0
0
0
1
1
1
2
2
4
5
5
6
7
